1.593924299608853801e+01 -1.202048156029462873e-13 3.588611360642768865e-13 -2.972892008037018715e-13 2.470649818878276483e-13 -6.725844619087592518e-14 1.767379481692302108e-12 5.738520995624615467e-12 -1.816759806841302785e-12 1.444011365157985160e-12 -5.402605636103473804e-13 -8.366246670541866386e-12 -2.179973853147903283e-11 1.967614121042356674e-12 -1.944131483460541680e-11 -8.799581036134049094e-12 3.718811787243936836e-11 3.051179547014350299e-11 -5.314838334550718555e-11 1.696078705278364611e-11 -4.482119483498992563e-11 2.188063439131942847e-11 9.605187828580084610e-11 1.689595432104555422e-11 -7.891677712398127261e-11 -5.439680385942503404e-11 1.057625961709361024e-10 5.268724364055047413e-11 9.057435024726221900e-11 -8.404372887160788371e-11 1.111741445956052642e-10 4.024490105481944354e-11 2.096404772833843198e-10 6.036128594044456431e-11 3.606055962046525226e-10 -8.521783770460379628e-11 1.212442667816282480e-10 -4.576548371735815621e-10 -1.666451983331497007e-10 -2.908032606092705444e-10 1.541860583074710198e-10 4.510052321994085877e-11 -2.422872824103704014e-11 -4.952182817130788082e-10 8.559513390900187627e-11 -1.576462893633380143e-10 -3.683561298489676093e-10 -5.378009863103284203e-10 3.134329879785198286e-11 -1.313570992558813803e-10 -1.181849284199685001e-09 -3.165714047217172378e-10 2.062788701376526216e-09 9.006660519291714439e-10 9.445906009380870527e-10 -6.682771363901414866e-10 -7.098980698345511431e-10 -3.645832428177661018e-10 4.205091008436077486e-10 2.168076643341361909e-09 -1.058548197738390055e-09 -7.098155871832985738e-10 2.883873059517067735e-10 -2.457335778090075880e-10 -1.303808212641670518e-10 4.594044695806536605e-11 -9.331558019867923092e-10 9.745262914851150679e-10 -9.920768113850953316e-10 1.460757018271105863e-09 -8.917277930508268287e-10 -1.450987137897331077e-10 -1.325495692741423638e-10 8.301619817250997319e-10 1.005211949857908245e-09 1.745896671249502630e-09 -9.379775138568381463e-10 -4.851629722915420733e-10 -2.760619059842601464e-09 -2.119703179933520870e-09
-1.202048156029462873e-13 5.711294644772254792e+00 3.635930867840590581e-12 3.323135892922300872e-11 1.935282709405264570e-11 2.787731421662598152e-10 5.012099807802181394e-10 -3.145408779249557803e-10 4.173527655357314580e-10 -8.655112306777741560e-10 -6.115207084034322636e-10 -5.340605097705012326e-10 -1.825432014370686526e-09 -5.371100015751701784e-10 -2.722622207110928582e-10 2.537063107834020870e-09 5.644493208852505736e-10 -1.624916223508825427e-09 -3.633485237946790817e-09 7.563967682675681845e-09 6.662435328832336422e-10 5.827173406173557137e-09 -2.966103033385905410e-09 1.651688114524554875e-09 8.401095697227811035e-09 -1.478526618867461217e-09 2.850522463708225141e-10 -6.524346309035216670e-09 4.118301792750799516e-09 5.527467758384442324e-09 9.753862316603751561e-09 -9.123231404970114060e-09 -3.352046596064955717e-08 1.959685083712312024e-08 -3.928484700595341566e-08 8.118706202980987295e-09 1.400214399510848216e-08 3.020312361692286023e-08 -2.334803202274670448e-08 -9.324127317216468368e-10 -1.943916603660559707e-08 -2.015879486787547264e-08 8.861397052133172154e-09 5.642028549436690167e-09 2.743583374066115148e-08 6.025893801636318486e-09 -3.988015916404046185e-08 5.911490731956706874e-09 -9.174158762950809615e-09 -1.268335065442970464e-08 1.098792186348607602e-08 -1.433514935225120954e-08 -1.380089794128382619e-08 2.282247351944665344e-08 8.989551514578732785e-08 3.414534397933613775e-08 9.044422772821059830e-08 -1.460805452452387859e-08 -2.961546989531443218e-08 -6.115231258806007235e-08 7.501600103585025112e-08 3.949136115552600112e-08 -6.478787059940216610e-08 2.203643413056737493e-07 -3.884297084074108346e-08 -8.418331702417125507e-08 1.543814888916488274e-07 9.916796790905509954e-09 2.880493831349816885e-08 -1.062844550559371196e-08 9.347976283772845000e-09 2.986496395435141406e-08 1.519928084448445729e-07 1.292736520161126627e-07 -6.384276427747263001e-08 -2.095265026512270283e-07 -2.252721754770730302e-08 -2.176409297011846903e-07 8.994029776270224320e-08 -1.949884036906994360e-08
3.588611360642768865e-13 3.635930867840590581e-12 5.339851496140356701e+00 -1.476410920934324708e-11 1.131530946840027999e-11 -2.172575062559537047e-11 1.551187391881881442e-10 7.808326200775866918e-11 5.299615982214220744e-11 -1.368423924727278786e-10 4.069780483108989196e-11 -5.403083069849365805e-10 -1.140481695798006550e-09 -2.286018197317806248e-09 -1.614576938299154159e-09 1.232191296677004199e-09 -4.900957783136401327e-10 6.302283949805417025e-10 -6.106686104979268012e-09 1.207321091457305937e-09 -3.493068957404832636e-09 2.568236370962561102e-09 3.536812749000697121e-09 4.755460303671449967e-09 -2.540969916174211816e-11 -1.069460406436864124e-08 3.867015789241478907e-09 -1.409098110361377923e-09 9.607001908713545596e-10 1.709261494489503097e-09 -6.044555459435815777e-09 -7.540607446970511487e-09 -5.387872792762794978e-09 4.957518554748660275e-09 6.471003911914370907e-10 -1.405343840959732141e-09 2.580590154127606074e-08 2.264734003542934017e-09 -1.967254210450397344e-08 9.958090653946032531e-09 1.318991653409382142e-08 -2.109353444969217779e-08 -1.972665690222557580e-08 -3.837779661005354584e-08 3.024835125449395736e-08 3.149217351396267878e-08 -5.602826474502982708e-08 -6.015725867033828463e-08 -3.628751141138506928e-08 -2.474511107475711610e-08 -4.574988676204716648e-08 -1.027675909855169901e-07 1.372073394091314764e-07 4.195592808329551157e-08 6.278968477162888343e-08 4.663943992332962783e-08 8.343911344562171400e-08 -5.841493360785404945e-08 -9.945543927462863248e-09 7.873993460799772279e-08 -5.016689939587402925e-08 -1.581842962448152963e-08 -4.235207885211680530e-08 5.531512877094602614e-08 -3.811764298360764231e-08 -3.725437712762358741e-08 5.683127861072632789e-09 1.127934532604896289e-07 -7.517689031654936468e-08 1.291123769442378518e-07 -1.263941945142576068e-07 1.640298204847162808e-08 8.299810347737345178e-08 2.087157757935228373e-07 1.821079932902083700e-07 1.018602071051545976e-07 5.047477601670516566e-08 -2.538007788545189775e-08 -1.450747434963326283e-07 -2.385820449175891698e-08
-2.972892008037018715e-13 3.323135892922300872e-11 -1.476410920934324708e-11 4.357476335303421600e+00 -1.260882576730616097e-11 1.467331905094507810e-10 5.184426010404618151e-10 -1.047821349515012450e-09 -3.122543948725409979e-10 -7.971349939833082112e-10 -6.698760511921081408e-10 9.300857295675484706e-10 -1.513620370226958079e-09 -1.528916690586434110e-09 -5.433580446146172253e-10 4.525783084739243254e-10 -3.626764975001496090e-10 -5.851166225776087533e-09 1.523268736224681949e-09 7.185650549380909147e-09 1.842964950100305099e-09 -5.129368776864833054e-10 4.408406775100751308e-09 -1.148121998615057475e-09 1.804883483281223192e-08 -8.643023619621947644e-09 7.129877592930693475e-09 9.850344846418574733e-09 2.569140901648476620e-08 2.454251166748178393e-09 1.489332560746062912e-08 -1.494797918277482656e-08 -3.891418740243158386e-08 4.033488967726928499e-08 -8.130589844060278337e-08 5.383031971432416485e-08 9.534128647541526597e-09 4.631232526009485926e-08 2.284609893029729814e-08 2.559105701413310104e-08 -7.479996967718726534e-08 -2.547847866002080620e-08 3.685955751140755526e-09 -2.335811949886808257e-08 -5.973010441241680787e-08 -2.296482547628916532e-08 8.354750795146349351e-08 1.313159048087232669e-08 6.646398256690043051e-08 5.416940147351836273e-08 9.195447102221070470e-08 -1.598446550395005929e-07 -2.481363023126646130e-07 5.927530088486664270e-08 1.442518118852385962e-07 4.287958382971660958e-08 7.714553085642971617e-08 9.598427624549499303e-08 4.170850507286828320e-08 -1.783626918543089979e-07 2.360356473433180972e-08 -4.423242045883576577e-08 2.284973745407674904e-08 -1.026385954984388639e-07 -3.823400101108046193e-07 -3.702028870222245663e-08 3.950609765020408602e-07 1.491199925710211191e-08 -7.937910458212529123e-08 -2.196795091044375591e-07 7.815427889401653028e-08 1.768743526099844565e-07 1.727236207390511523e-07 6.574925068531821994e-08 -2.984464991201247647e-07 -2.425581417287246287e-07 8.821917267983429735e-09 -7.512971077732317658e-09 2.790980741171327511e-07 1.336353850834926817e-08
2.470649818878276483e-13 1.935282709405264570e-11 1.131530946840027999e-11 -1.260882576730616097e-11 3.913557107168340377e+00 6.268956276952965033e-10 1.283374191564804589e-09 3.173126096088333792e-10 2.606649677755610648e-10 -1.124428751358314967e-09 -5.425137143275943166e-10 2.457949678156842242e-09 -5.980588454440965045e-09 -4.219542986759541428e-09 3.762320288265925489e-10 5.932033187621092025e-09 5.822921219340608472e-09 3.252312133504040149e-09 -1.144647743965292797e-08 1.442982595708695504e-08 -2.892131960302129026e-09 1.461618351469827711e-08 -2.284496629969022708e-09 2.195628103761965738e-09 -1.338511927960730995e-08 -1.879427232899080296e-08 -1.385866892931113894e-08 9.795325814718230431e-09 -2.663029665271054877e-08 -4.453223644048174495e-09 1.781286076406946859e-08 1.164780036892358577e-08 5.984591660528907412e-09 1.599058974336803458e-08 -1.576541110362101249e-08 -1.331416788876938361e-08 3.309812785935956008e-08 -3.844549609071699416e-08 -6.448564269367985320e-08 1.899878175492001338e-08 -3.535540220825548794e-08 1.607011350921569295e-10 -1.358062726748374233e-09 -4.662754627888952855e-08 9.886868314012108536e-08 9.224296806914719443e-08 -1.150841757780670478e-07 -7.641043119432645332e-08 1.571392628121209880e-07 -2.965048961312773819e-08 7.269802265926550149e-09 -1.548533179122299753e-07 1.648462657798741940e-07 2.406382408802305351e-07 7.939505813129272984e-08 -2.676068637722341160e-07 5.633677105101994426e-08 -1.027527945815692358e-07 -5.778165851314841917e-08 3.700014435926060059e-08 -3.353294269659458990e-08 4.575577856578274931e-08 1.000509456252112172e-07 5.211571440370196334e-07 -2.646963929611571067e-07 -1.312049909769990153e-07 -6.018641533306366850e-08 -3.062340169526157824e-07 -5.787067493857286774e-08 3.235809483790057269e-07 -2.167448362077607842e-07 -3.128465554877782123e-07 3.460906270746893888e-08 -1.238742376803098913e-07 1.947824611502539385e-07 5.633887031192751276e-07 5.218886858972067232e-08 -3.235829170405379213e-07 9.454094224460417674e-08 -3.113902630102879949e-08
-6.725844619087592518e-14 2.787731421662598152e-10 -2.172575062559537047e-11 1.467331905094507810e-10 6.268956276952965033e-10 3.031136031739876557e+00 4.218100448085032091e-09 -7.766803084673461863e-10 1.885520287233992164e-09 -6.825813524623167029e-09 -8.945609981592067495e-09 2.466971603397133898e-09 -2.322430362926441678e-08 -2.019720946389417945e-08 -2.028464384562785659e-09 2.056616304748399801e-08 1.317104611960591338e-08 -8.651239946926723327e-09 -5.782718969648318026e-08 5.342161515222845015e-08 -1.270556202603935527e-08 7.278606304936005518e-08 -3.833707175034979481e-08 2.016064698762194124e-08 7.047362913887413921e-08 -6.017532572597695278e-08 -1.541296838540459691e-08 1.524762761230712720e-09 2.181744471057804578e-09 -1.849230441202588808e-08 3.354313067379831126e-08 -1.438236458386823809e-07 -8.111222235200996871e-08 1.267561540251531229e-07 -3.718338587729936722e-07 -9.981262811374995272e-09 1.356998458382465663e-07 1.256840640971970005e-07 -3.159466257675730575e-07 2.269367110465723063e-07 -4.392627834467221201e-07 -1.928403292989443710e-07 2.363784831247332836e-07 1.640344642005247409e-08 6.540593049500801018e-07 1.490267208425702136e-07 -3.933914714552118574e-07 -3.421098368183397838e-07 -8.401111564780426393e-08 -2.416685022381265164e-07 2.193988243700436161e-07 -4.585311910979713210e-07 1.080063796513288629e-07 5.662829206358731030e-07 7.050365328060427848e-07 -3.487097931318530601e-07 7.328393374258383697e-07 -2.427306153237562794e-07 1.043970166739745971e-07 -3.982046907983718822e-07 7.373328839463864723e-08 7.071653971078219247e-07 2.763452335142155726e-07 1.808068440008644788e-06 -1.972852262208717005e-06 -8.163788944245365330e-07 7.126104407536161529e-07 -1.360321977288831372e-06 4.182140017840512224e-07 -8.174358148775001948e-07 5.875712614230529694e-07 -6.617228215684013680e-08 4.293490879943304812e-07 1.183364531629404297e-06 4.897933339375305966e-07 5.183441148137975077e-08 3.038977110344493690e-08 -2.857537630066100422e-06 1.338711217811866544e-07 -8.190083726962212690e-07
1.767379481692302108e-12 5.012099807802181394e-10 1.551187391881881442e-10 5.184426010404618151e-10 1.283374191564804589e-09 4.218100448085032091e-09 2.798260034948161668e+00 -3.313605009589683672e-09 2.198045843362169021e-09 -1.099334936523098342e-08 -3.396695648682000526e-09 5.224538972114604100e-09 -4.815206048030537332e-08 -1.239432857373300591e-08 -1.163105605429150291e-08 4.195585485432916505e-08 3.891671029209891204e-08 -5.686109428466752148e-09 -4.250271635950284103e-08 1.652789089051906969e-07 5.313185669265505262e-09 8.425257111892783204e-08 6.656227847032774946e-08 -6.018072520999691755e-09 3.087493526102876625e-08 -1.349096364973948840e-07 8.226166942267631229e-08 1.069434655442209445e-07 7.342195777220146101e-08 8.038141164499762189e-08 4.705581797401457122e-07 5.067264579843093212e-09 -4.976391253786911230e-07 3.991479251294409423e-07 -2.816161015885060983e-07 2.056175810070723255e-07 9.815844515145883229e-08 6.421894317194598683e-08 -3.507638159947265029e-07 2.371890223842882678e-08 -4.792137431880688293e-07 -6.198056735643977626e-07 3.225797635491742427e-07 -3.037159747904866453e-07 -7.509796522859688847e-08 1.464700031241139096e-07 -2.022699589051089710e-07 -1.845667754188422467e-07 9.525872134652728524e-07 -4.516095623255858906e-08 2.004523958966741377e-07 -1.063490686973536844e-06 -3.130859385761038891e-07 2.156053173464161200e-06 1.229737210411729947e-06 -4.240653182247253795e-07 4.461929424477805582e-07 1.556658853754449903e-07 -5.076400939328556801e-07 3.449448126841488315e-07 3.297128839560761389e-07 -1.492048514149616597e-07 3.987253762933040898e-07 3.349488891310161772e-06 -1.819652372472511129e-06 -2.684926427346655491e-07 2.856367144768788401e-06 4.723194927953000067e-08 -1.134294661703480657e-06 2.118494742094960767e-06 -1.736704861388749144e-06 -3.623565714005742412e-07 1.715740392761672701e-06 1.099838881386664344e-06 -1.731358091528683631e-06 -2.109679321885443934e-06 -5.519613640544438884e-07 -3.132871341040316878e-06 8.491197124812455642e-07 -6.906949846727980847e-08
5.738520995624615467e-12 -3.145408779249557803e-10 7.808326200775866918e-11 -1.047821349515012450e-09 3.173126096088333792e-10 -7.766803084673461863e-10 -3.313605009589683672e-09 2.770898413492860257e+00 1.887128763213947957e-09 7.589855349258571398e-09 -1.044405282007002982e-09 -4.057683249043441509e-09 -6.453433466180039881e-09 1.783865406220363201e-08 1.691018896294570495e-09 -2.940880222237354678e-08 4.693790295980232303e-08 7.176474233290191947e-08 -2.198165962455336946e-08 -3.239697422509721291e-08 -4.668180975792712207e-08 -3.286362824508244148e-08 7.549193734049118597e-08 4.953414337355911359e-08 -2.089947198053107110e-07 5.375738552334435212e-08 7.597456617300605034e-09 -4.082256900566026384e-08 -1.423215682772230741e-07 -5.820804649542072558e-08 4.894529990769798814e-08 2.030892699719926170e-07 2.708183337693155307e-07 -2.697620530655511759e-07 8.138272966103546444e-07 -4.219589294864013450e-07 1.749743810114080991e-07 -8.287092506282016607e-07 -1.218386444693731059e-07 -4.810017253004737576e-07 3.460941886558050378e-07 5.393556108736147375e-07 3.641962826142100117e-07 -1.679593690393223305e-08 4.347937199600506297e-07 1.423719039319154869e-07 -1.164697662627341859e-06 7.531164587835621471e-08 -6.687530603465944857e-07 -9.202599182265755728e-07 -1.196501618393769358e-06 1.078946559383490112e-06 2.234502394657710873e-06 -5.214586780627846571e-07 3.963307391469381769e-07 -1.444553781930948348e-06 -1.113223967890657899e-06 -8.712178128739036309e-07 -4.356215727980856965e-08 1.875709477541773563e-06 -3.608520809382908806e-07 -2.059996408147587844e-08 -4.374278651197143472e-07 2.431969222501787104e-07 2.666735773038151510e-06 1.216713325945122207e-06 -2.624888989966491519e-06 -5.249073147670670059e-07 -1.109233516228287803e-06 1.149576271702211251e-06 -1.241845386664935009e-07 -1.447295893790891736e-06 -2.016241575002748201e-06 -1.461695082125914273e-06 1.239211570778497574e-06 2.632649090121594531e-06 2.024223709475632145e-07 1.154406170908930147e-06 -3.059076569242640729e-06 -1.747533824107058486e-06
-1.816759806841302785e-12 4.173527655357314580e-10 5.299615982214220744e-11 -3.122543948725409979e-10 2.606649677755610648e-10 1.885520287233992164e-09 2.198045843362169021e-09 1.887128763213947957e-09 2.665555662786097013e+00 -5.595915077143363032e-09 -4.933130680118122253e-09 -1.543242604443928475e-08 -1.403340563232869417e-08 -1.028780834964292614e-09 1.145153805750946421e-09 5.406997872676508169e-08 2.726298073777014489e-08 -2.095914669791039095e-08 -9.103659893685488268e-08 1.108125936827076095e-07 -2.474536220021520316e-08 1.100829156273149465e-07 -7.805130844317283351e-08 8.359026777027030697e-08 3.482852427648607352e-08 9.804650519608993596e-08 -2.317726352354381609e-08 -1.881476841141612645e-07 -1.729134970539540243e-07 3.620192802194674846e-08 2.191947164413167127e-08 -1.065070247784468728e-07 -2.726608280106108283e-07 9.415222468944193824e-08 -3.151029768875995305e-07 -4.383274687389894761e-09 2.281317698466748939e-07 1.456648132873772200e-07 -2.967849135763886316e-07 1.780944238054189918e-08 3.961888757840259231e-07 2.474827273967776905e-07 -2.506438793782410228e-08 1.241110733547601546e-07 1.024906717333620906e-06 3.612202790903228893e-07 -1.110187736548108624e-06 -2.643269220889895363e-07 -8.291777990087139314e-07 -7.950005920813590385e-07 -4.015390312973067776e-07 9.253917160448341763e-07 1.045239319720539137e-06 -4.863662320616644454e-07 1.645877176418322459e-06 -6.057487611593515010e-07 1.197723807703587759e-06 -8.199148997284119365e-07 -4.785217063506685902e-07 5.773331962163933022e-07 1.702891542455158719e-06 1.019680491183790179e-07 -1.057324695478173106e-06 2.416832464685878485e-06 3.315970308979144641e-06 -1.595184621047384930e-06 2.142778975816307954e-07 3.969853533713212853e-07 2.416327108818377958e-06 9.213081029449410949e-07 -1.162028892499645083e-06 1.176680781423068128e-07 7.786561691580442632e-07 6.989495900643434718e-07 4.565682729271632664e-07 -2.047607016585619658e-06 -2.223807452442624241e-07 -2.637343083578842243e-06 3.586985682876872324e-08 -9.862974506492770636e-07
1.444011365157985160e-12 -8.655112306777741560e-10 -1.368423924727278786e-10 -7.971349939833082112e-10 -1.124428751358314967e-09 -6.825813524623167029e-09 -1.099334936523098342e-08 7.589855349258571398e-09 -5.595915077143363032e-09 2.367088849791869176e+00 9.736477380183879540e-09 7.968454583473880903e-09 4.998866739061498910e-08 2.445649954657046320e-08 2.127014896952977550e-08 -6.876549250009787912e-08 2.083777033272068649e-08 2.605064862229674271e-08 9.199797991998703895e-08 -1.613110137355750070e-07 4.345538330441000336e-08 -1.478333450766313405e-07 6.919469046288946907e-08 -3.722558277978530524e-08 -1.411907269382270245e-07 8.867709728894549226e-08 -9.528956297698373050e-09 2.873029454038309920e-08 -1.979531758093971214e-08 -1.456374466909804135e-07 -1.096992878766456730e-07 1.442159925562777674e-07 4.573078011939342554e-07 -4.104502875606907147e-07 9.251092663047063264e-07 -7.972689841820460137e-09 -6.652997843393789629e-07 -5.819660330244905005e-07 5.666198624677240263e-07 -2.705996711715778778e-07 7.794988728548565899e-08 3.803827879868134680e-07 3.233880085320297715e-07 6.889045546128983073e-07 -7.913618882793565283e-07 -4.998334199906691525e-07 1.434549040389886304e-06 1.028299961701717517e-07 -3.487083804612564006e-07 2.768602219900596616e-07 -3.876085013886899496e-07 1.750425461806971820e-06 -1.025330405456393234e-06 -7.808993504886024679e-07 -1.899776852502996220e-06 -7.442829653099694310e-07 -2.374835533523898505e-06 7.895320686961422736e-07 1.132240488089661458e-06 1.000894777341486867e-06 -7.035424071418998380e-07 -1.045237047033511578e-06 1.415136668547041659e-06 -5.635986615094949172e-06 2.666725254724098973e-06 2.233491913270234508e-06 -3.365133855425296374e-06 -1.107088614767062394e-06 -1.131405685924930606e-06 -4.480384527613316657e-08 -7.028718058836656164e-07 5.851540801357357582e-07 -5.008871767496617312e-06 -2.532663126006253412e-06 4.055308581903108278e-07 1.033920104507534138e-06 1.949896315640381932e-07 4.266698317556348908e-06 -2.710932663829986583e-06 -6.851252133845607871e-07
-5.402605636103473804e-13 -6.115207084034322636e-10 4.069780483108989196e-11 -6.698760511921081408e-10 -5.425137143275943166e-10 -8.945609981592067495e-09 -3.396695648682000526e-09 -1.044405282007002982e-09 -4.933130680118122253e-09 9.736477380183879540e-09 2.229863241054479861e+00 -1.812528558289283106e-09 5.206755144305324811e-08 4.492239707081802359e-08 -1.220785640258241295e-08 8.486148102268663513e-09 -4.325183550514365517e-08 3.473844747583636536e-08 1.581956152565710465e-07 -8.151739281060034680e-08 6.022114687550292298e-08 -4.092305822784972590e-08 -4.923015843537386503e-09 -1.373491568919006842e-07 -1.186699894394996707e-07 7.984576716628365931e-08 -3.920468730029029465e-08 5.422119325199331254e-08 -2.052633784320036887e-07 1.944080190614542907e-08 3.978086828814896355e-07 5.297353977490664493e-07 3.099771104666627692e-07 -1.887767957006955857e-07 8.521963388569398695e-07 -1.266118405045802508e-07 -4.952739800928179749e-07 1.996260818362240058e-07 5.379861763665576510e-07 3.426204236301538463e-08 1.124454585238023772e-06 -2.956107676025774001e-07 -1.547371322359263674e-06 -9.838085321273048052e-09 -1.682848676292286267e-06 1.935621326413295125e-07 7.294574148480204401e-07 -7.601160811266211863e-08 7.306362594573879101e-07 9.030746503242127985e-07 9.795835937298095147e-07 7.579654218229609226e-07 -8.175639149774616019e-07 8.424390690237200222e-07 -3.704674551120722508e-06 8.995896420485832115e-07 -2.003131598199681232e-06 6.115698146895011012e-07 -1.290245198616970964e-06 1.515869120530086736e-06 -7.669235875257913905e-07 -1.866717832741611597e-06 4.741634744028332073e-07 -7.137727442221870847e-07 4.659813025635500838e-06 2.118689443479007421e-07 -2.047887284618658515e-07 4.456614113031329716e-06 -7.435870203154675675e-07 7.270022424461442253e-06 -4.663910673863410757e-06 -2.036633947161432321e-06 1.012420878180903862e-07 -2.578378779662959508e-06 -1.596248056991962937e-06 1.422726328146385666e-06 -3.889370652514887223e-07 2.555570037458221725e-06 8.878115281139044291e-07 5.414279766381339803e-06
-8.366246670541866386e-12 -5.340605097705012326e-10 -5.403083069849365805e-10 9.300857295675484706e-10 2.457949678156842242e-09 2.466971603397133898e-09 5.224538972114604100e-09 -4.057683249043441509e-09 -1.543242604443928475e-08 7.968454583473880903e-09 -1.812528558289283106e-09 2.148327434039210448e+00 -1.028955825137298958e-08 -4.552371207369631206e-08 4.850479442908501752e-08 6.926934951805078197e-09 6.602194997948258178e-09 -1.391601978702954994e-08 1.020168334803837338e-07 -6.591326512131454466e-08 4.776600568799938530e-08 -9.612299703286063879e-08 -3.579001121579030396e-08 -3.806578073023116119e-08 -1.330120571217034361e-07 -2.644331588874823309e-07 -1.918352341055736294e-07 2.579028197180375670e-07 -1.638900115912339543e-07 -9.544672780089024177e-08 -4.546638545210980975e-08 6.739188717360885152e-08 4.216349333059415227e-07 -1.697614125526303340e-07 -1.786582951713671486e-07 3.997710984983084224e-07 -2.877441634896127521e-07 -3.897219769627253589e-07 -5.724573114497596772e-08 6.688998192636628734e-07 -1.273757322584460958e-06 -1.943818438247679842e-07 4.919183961316378455e-07 4.315663930531310259e-07 -4.725755108750399116e-07 9.119053548593876101e-07 8.329095157672069734e-07 4.112212157699456029e-08 1.867847445964607033e-06 6.611099203329420457e-08 2.348420421823127666e-06 -1.923163539701753294e-06 -4.714054625425312545e-06 1.475827239232467283e-06 -1.722006956590194156e-06 -2.098244650957013459e-06 -1.304711383307939756e-06 6.190760110773200702e-07 4.896672611507914328e-07 -2.843123326786082632e-06 -1.309726991806860616e-06 1.417020851938222062e-06 4.638498560695535601e-06 -1.354016829271807403e-06 -6.881583624998187876e-06 1.439630062939986284e-06 6.268136304032739462e-07 -8.176768736683038359e-06 -3.690735131502989068e-06 -2.498892203770901310e-06 -4.860072334682972696e-07 -1.464956428340570001e-06 -4.627546496501352293e-06 -4.368047625661414791e-06 -1.483940168938103295e-06 5.565066310258825592e-06 4.549398979465092890e-06 2.684143755922955331e-06 2.799779334693142798e-06 2.009644744656229344e-06
-2.179973853147903283e-11 -1.825432014370686526e-09 -1.140481695798006550e-09 -1.513620370226958079e-09 -5.980588454440965045e-09 -2.322430362926441678e-08 -4.815206048030537332e-08 -6.453433466180039881e-09 -1.403340563232869417e-08 4.998866739061498910e-08 5.206755144305324811e-08 -1.028955825137298958e-08 1.975778601761911002e+00 8.904695770744660874e-08 9.142670177594515395e-08 -2.051123430959243280e-07 -2.966232156050584323e-07 -1.915777447848296545e-08 6.031879907176742389e-07 -6.094925442923136151e-07 2.030044587313425697e-07 -5.911820827662133638e-07 -1.154756907763340535e-07 -2.938354978357781690e-07 -1.226352657636995110e-07 4.368955771976170193e-07 -3.723452033761048485e-07 -6.291537930575077274e-08 -3.697799361650385986e-07 4.348816066337587757e-07 -1.037352778722846932e-06 6.288853645888185331e-07 7.071978645542304529e-07 -1.522598567143989704e-06 1.499115884919403434e-06 -3.516886661996823788e-07 -1.477438089784428136e-06 8.812899342474235626e-07 3.665065107482090517e-06 8.592444423885360542e-07 1.602343537744459328e-06 1.839905581228778914e-06 -2.998213437863997302e-07 2.050076581135027782e-06 -3.579182623833958714e-06 -2.463682030874785612e-06 5.097698983746777847e-06 2.961878589358776594e-06 -4.608279824860601852e-07 1.957668752679140488e-06 5.158743601380947485e-06 4.903884763286838882e-06 -6.282775187408367394e-06 -8.686818948778597882e-06 -1.099556212665073926e-05 4.545803421993390265e-06 -1.885746348664795286e-06 2.961995525216647251e-06 1.579399203268909074e-06 -2.670875515835587766e-06 2.432487303576591635e-06 -3.523584895152949135e-06 -2.505790437976892988e-06 -1.441916603062078427e-05 5.700036940827033880e-06 7.730338780119187683e-06 -7.116738186624781888e-06 5.252773263425317288e-06 1.491208763233140455e-06 -2.549739751780675761e-06 3.145765764750272903e-06 -3.110925784973341737e-06 -5.253270210769442503e-06 -6.708969823361251890e-06 5.066337027522831137e-07 -2.229939504594467809e-06 -6.304370455925337141e-06 1.497999448472169964e-05 7.177360095496135013e-06 1.040320984485879856e-05
1.967614121042356674e-12 -5.371100015751701784e-10 -2.286018197317806248e-09 -1.528916690586434110e-09 -4.219542986759541428e-09 -2.019720946389417945e-08 -1.239432857373300591e-08 1.783865406220363201e-08 -1.028780834964292614e-09 2.445649954657046320e-08 4.492239707081802359e-08 -4.552371207369631206e-08 8.904695770744660874e-08 1.806757481293944201e+00 2.172458080356195522e-08 -1.662020475458211557e-07 2.851978562704937291e-08 1.611284846200918507e-07 5.340122064951048500e-07 -1.750405070231096501e-07 2.305939323206919396e-07 -3.458612992557934699e-07 2.362472541820994900e-07 -3.347539720511569903e-07 -6.448242521644973372e-07 1.043082143765051737e-06 2.171192100082701329e-07 -2.871549945796789990e-07 2.167634593451071805e-07 2.431445150578813731e-07 1.444399913562154478e-06 1.690701820857294331e-06 1.788813939381095247e-07 -5.501065602751530504e-07 3.295999732501406401e-06 -7.508006947668241707e-07 -1.307979173088590284e-06 -1.677051201811248678e-06 1.270526307840767424e-06 -4.068418983994855252e-06 2.488670492391801966e-06 1.697458576294423494e-06 2.010473911991999171e-07 1.875007573125277116e-06 -4.428715944399869721e-06 -2.184364258203496219e-06 1.754155713632481929e-07 6.135630439390924500e-06 2.600767329326628835e-07 1.141342168906527752e-06 -2.746653260002911849e-06 1.093054188333562092e-05 -1.336905981342554157e-06 -3.551088597716526567e-06 -5.085028360875155268e-06 5.435222501946981413e-07 -1.081228843375020065e-05 2.573132578102109181e-06 -2.764681569338088044e-06 2.597719851314523913e-06 4.212993868847438183e-06 -2.887529849096483886e-06 -4.097908655403700062e-06 -1.600195075166994210e-06 1.964203177882066991e-05 5.843994883672595451e-06 -1.490740938463968472e-06 6.192342400609821004e-06 -1.477855329716735480e-06 3.792959836797018549e-06 -6.767529590083092429e-07 2.986033465974978499e-08 -1.344765849709608331e-06 -1.219853563138162259e-05 -1.516834898527812266e-05 -1.138542492919807398e-05 -6.266339202515196936e-06 7.272471962942339376e-06 -2.803600746062401014e-06 3.342553226190237597e-06
-1.944131483460541680e-11 -2.722622207110928582e-10 -1.614576938299154159e-09 -5.433580446146172253e-10 3.762320288265925489e-10 -2.028464384562785659e-09 -1.163105605429150291e-08 1.691018896294570495e-09 1.145153805750946421e-09 2.127014896952977550e-08 -1.220785640258241295e-08 4.850479442908501752e-08 9.142670177594515395e-08 2.172458080356195522e-08 1.731998627493830600e+00 -3.893381607433519191e-08 -6.922678458741527012e-08 -2.792127416240308977e-08 1.678363546878541568e-07 -2.839820556300816266e-07 8.145613788855213886e-08 -3.023553525902029123e-07 -2.248748250566636528e-07 -4.322489010459873177e-08 -3.227344710861558482e-07 2.095223097231340740e-07 -3.704119278550324273e-07 -1.047234123441258520e-07 -2.700049565175038192e-07 9.309371422358341348e-09 -8.725475260815321491e-07 2.319166194753284921e-07 1.085889687041647307e-07 -8.452253300192388239e-07 1.347950568780220728e-07 2.815671666962446607e-07 -9.516574716060344159e-07 -3.077067272561350666e-07 9.630688005453922810e-07 -4.156943451584763413e-07 1.091848372849513268e-06 1.656598665511731222e-06 1.422126834438424300e-06 1.092026991028016100e-06 -5.405793005011529088e-07 -1.182111644423962618e-06 1.973587266220468079e-06 3.590243116043457522e-06 1.212173577639391277e-06 -1.491302072217298380e-06 2.243829071514240175e-06 5.019947496440120355e-06 -6.159190191900428140e-06 -3.349418846026870884e-06 -2.726556767860382878e-06 -5.862816054372169056e-08 -2.310880359622574069e-06 3.997725520094094560e-07 3.164648141851561382e-06 -4.951901362053885313e-06 -1.311400311149243625e-06 1.744148185131972330e-06 2.749538364003383828e-06 -3.337345098547073715e-06 1.192001616454077335e-06 4.035142302848244257e-06 -8.606158009619037415e-06 -1.065428410881659329e-05 6.548993726971508043e-07 -7.591847127758187083e-06 4.985048151884854229e-06 -3.072828549149909742e-06 -8.980946638977109939e-06 -1.120471721755101160e-05 -1.568809653044612685e-06 -9.598320847351261591e-07 1.317868296737953838e-06 1.046971459675532883e-05 1.437771050315927236e-06 9.753614886571720652e-07
-8.799581036134049094e-12 2.537063107834020870e-09 1.232191296677004199e-09 4.525783084739243254e-10 5.932033187621092025e-09 2.056616304748399801e-08 4.195585485432916505e-08 -2.940880222237354678e-08 5.406997872676508169e-08 -6.876549250009787912e-08 8.486148102268663513e-09 6.926934951805078197e-09 -2.051123430959243280e-07 -1.662020475458211557e-07 -3.893381607433519191e-08 1.670611625473511497e+00 1.255271666029069108e-10 -3.040990998181619258e-07 -6.715873504795795887e-07 6.264884150429368028e-07 -2.856933832017767499e-07 9.596302416981982453e-07 -8.885221535926010246e-07 3.548366293522760997e-07 6.415441423956898030e-07 -4.231987221935768870e-07 -6.589585901411931261e-08 -4.244955793452192623e-07 -6.410639780802472416e-07 -3.144273682850422819e-07 4.225384986076642568e-08 -1.398957078518283383e-06 -2.824717859654745477e-07 1.573425575736032632e-06 -4.201612509000213548e-06 1.436592799971424358e-06 1.509109331360558368e-06 3.054160912040372554e-06 -4.241870339719495274e-06 3.052655885655952871e-06 2.150404229828284059e-06 -2.992442296474991980e-06 -5.569299996534459757e-06 -2.676819900260543224e-06 4.928828939792571462e-06 6.387564110060205498e-06 -5.953986949075029401e-06 -6.217125552547498900e-06 -4.474675495758971439e-07 -3.261886831679476529e-06 6.323772178615574629e-07 -4.830175930711689441e-06 2.624625449588751981e-06 8.000183596209415631e-06 8.918567894792079400e-06 1.848331046794181020e-07 9.463971191989299476e-06 -3.645919562179192916e-06 -2.852563804089786342e-06 2.391581606817515207e-06 -1.797059244868793525e-06 5.258189635480330887e-06 4.588596334757802298e-06 1.914499624867270131e-05 5.223518929292807852e-06 -1.782684984469390391e-05 9.085190550237606807e-06 1.242117529468662368e-06 1.091567629506810191e-05 1.037966126825434834e-05 -1.494468372871843438e-05 -1.771556597752057161e-06 8.969427799569714980e-06 1.302249923858434795e-05 3.521233253488203619e-06 -7.332662503871929512e-07 1.250545625440926671e-05 -2.243154096049985427e-05 -2.309857699195501481e-07 -9.793917356699144712e-08
3.718811787243936836e-11 5.644493208852505736e-10 -4.900957783136401327e-10 -3.626764975001496090e-10 5.822921219340608472e-09 1.317104611960591338e-08 3.891671029209891204e-08 4.693790295980232303e-08 2.726298073777014489e-08 2.083777033272068649e-08 -4.325183550514365517e-08 6.602194997948258178e-09 -2.966232156050584323e-07 2.851978562704937291e-08 -6.922678458741527012e-08 1.255271666029069108e-10 1.579745169950993233e+00 1.407327783677294898e-07 -6.009970834812679756e-07 7.114456772668475356e-07 2.881152678011998342e-07 1.004376577868117419e-06 2.594341603742848974e-07 2.613822112971531359e-07 -1.210456352069447175e-07 3.674426703282187133e-07 4.342096143959842610e-08 -4.868007277656158574e-07 6.417668307065123758e-08 -1.217349498817608674e-06 2.760886642662857217e-06 -5.540983055542532670e-07 -7.698008029648121592e-08 1.503097664628203100e-06 4.743558733570877876e-07 -5.824936197547226570e-08 -1.405337701691774966e-06 -3.103355027213417816e-06 -2.644045807656523219e-06 -3.438521591896727797e-06 -4.029868826066729622e-06 9.590304736093061104e-07 9.528748895506624539e-07 4.887293786165793041e-06 3.189415712873898018e-06 -1.861956080082682962e-06 5.275569088764056155e-07 -6.317815507610374824e-06 -1.791138097973350880e-06 -1.218585853976508392e-06 -7.468619353399316061e-06 5.538956157765973507e-06 4.330589784777080611e-06 1.247978810486779582e-05 1.042287466751364363e-05 -1.771971542337060792e-05 -5.783262809046378705e-06 -2.028871000379808313e-06 3.688924273711789119e-06 7.466411202955228673e-06 4.395688435974268079e-06 1.748938556803541398e-06 3.169785185263485335e-06 1.101609924453024483e-05 7.419932985876917545e-06 -7.892955377775621171e-06 -3.843315929558988153e-06 -1.155195751831488784e-05 1.260361625112979646e-06 1.788156143087795736e-05 -5.590848910023075377e-06 9.858634905017294535e-06 -8.323708216743125484e-06 -2.452668946873175818e-06 -7.451667117117184671e-06 2.074590064032279967e-06 -1.848679840168024771e-06 -1.531663840741447451e-05 -8.547139856443779649e-06 -2.764622489688557485e-05
3.051179547014350299e-11 -1.624916223508825427e-09 6.302283949805417025e-10 -5.851166225776087533e-09 3.252312133504040149e-09 -8.651239946926723327e-09 -5.686109428466752148e-09 7.176474233290191947e-08 -2.095914669791039095e-08 2.605064862229674271e-08 3.473844747583636536e-08 -1.391601978702954994e-08 -1.915777447848296545e-08 1.611284846200918507e-07 -2.792127416240308977e-08 -3.040990998181619258e-07 1.407327783677294898e-07 1.560586669383178915e+00 2.238755524154340077e-07 -1.099972149027517118e-07 -3.324688528417811741e-08 -3.973678745282175095e-07 6.695204912241958669e-07 -2.651423481007870983e-08 -1.331393088210646709e-06 2.729004194087467069e-07 -4.193838871838325984e-08 1.267251797239320400e-07 -9.886669340400842132e-07 -2.392758847228382310e-07 1.070823830299834442e-06 2.829010257912036563e-06 9.065012218483193849e-07 -1.585983161063481886e-06 6.153165670456006960e-06 -3.478498383679405534e-06 5.352022205299009342e-07 -4.322784420319424760e-06 -5.242641451114847413e-07 -4.194651922355823004e-06 9.888605611803531656e-07 9.270262038677988607e-07 1.901037351694891173e-06 1.772405445764712271e-07 -9.218948908875784115e-07 8.960038425939383810e-07 -7.333103725507713241e-06 3.901422673772319572e-06 -9.174647133740674128e-08 -8.419776604873097093e-07 -7.417755313045292065e-06 4.046365638433995113e-06 1.312272325779498418e-05 1.428065549880105795e-08 -6.340346309877957536e-06 -5.304721209203220537e-06 -9.755934419588269119e-06 -5.284165020750588832e-06 -7.565021620085058692e-06 7.537969209477376846e-06 9.841776883380349077e-08 -9.775224580710416098e-07 -7.249096558688856515e-06 9.299902076265314444e-06 1.187038552894764512e-05 9.093372398600804785e-06 -1.244345019927164329e-05 1.291227102858596507e-06 -1.528055791393871407e-05 1.515165404644602011e-05 -3.541701879542422585e-06 -1.178882213336599132e-05 -5.317539019035267590e-07 -1.079774112565219332e-05 4.190432561982279964e-06 2.087935652308650270e-05 -4.715686903583281331e-06 9.956586947254208005e-06 -5.213873417156349353e-06 3.963381710893706971e-06
-5.314838334550718555e-11 -3.633485237946790817e-09 -6.106686104979268012e-09 1.523268736224681949e-09 -1.144647743965292797e-08 -5.782718969648318026e-08 -4.250271635950284103e-08 -2.198165962455336946e-08 -9.103659893685488268e-08 9.199797991998703895e-08 1.581956152565710465e-07 1.020168334803837338e-07 6.031879907176742389e-07 5.340122064951048500e-07 1.678363546878541568e-07 -6.715873504795795887e-07 -6.009970834812679756e-07 2.238755524154340077e-07 1.489398574627971872e+00 -1.023465797459967841e-06 8.080806773916570642e-07 -2.093714336222394725e-06 6.744510002863061181e-07 -1.328834174679140398e-06 -8.691915978399378677e-07 9.957286890692051781e-07 -1.760326537409824277e-09 1.073756088881741550e-06 -2.221812204919641474e-08 1.781951654407755529e-06 1.754208724250113543e-06 4.346917755810768898e-06 -4.384496702400063945e-07 -2.461415040758989571e-06 6.509486471713644576e-06 -3.719210764717285798e-07 -4.175945735742833179e-06 -5.732762471616205571e-07 9.200903822319936166e-06 -2.221255536011436512e-06 6.854765416785850604e-07 1.210446022214609097e-06 2.440788270307958315e-06 4.540265067942149648e-06 -2.002787783389768094e-05 -7.204204578063785684e-06 1.239477950907543718e-05 1.650821630716771903e-05 8.083700172635638497e-06 7.208134882458452957e-06 1.414986710140965713e-05 1.099562273295552950e-05 -2.922577719838288966e-05 -1.508212142222233427e-05 -2.746879163710023826e-05 9.312465571018628725e-06 -1.811044216461399928e-05 1.419591719670493895e-05 -4.881666264722972066e-06 -9.585561198030868665e-06 7.781195691819344149e-06 -6.719557469482284244e-06 -4.335594682056532273e-06 -2.675124858898516651e-05 9.978763065792923875e-06 3.161386991100664291e-05 7.075231657053756518e-06 1.407058975799662026e-05 -1.869047156852351064e-05 -4.782020395906285117e-06 7.994006652836386614e-06 -1.024061746701250283e-05 -5.623342501463432822e-06 -3.294833064789139462e-05 -4.108804804306310924e-05 -2.208389524813711614e-05 -1.790169366875196913e-05 4.277435715397357867e-05 3.254823636192110471e-05 3.665022157553969151e-05
